imu0:
  T_i_b:
  - [1.0, 0.0, 0.0, 0.0]
  - [0.0, 1.0, 0.0, 0.0]
  - [0.0, 0.0, 1.0, 0.0]
  - [0.0, 0.0, 0.0, 1.0]
  accelerometer_noise_density: 0.005
  accelerometer_random_walk: 6.0e-05
  accelerometers:
    M:
    - [1.0006704339981298, 0.0, 0.0]
    - [0.0005447579455056901, 1.001582017519095, 0.0]
    - [-0.0009051070775285666, -0.004336438660103577, 0.9962759454950141]
  gyroscope_noise_density: 0.0005
  gyroscope_random_walk: 5.0e-06
  gyroscopes:
    A:
    - [0.00024751050883630056, 1.2677661114084324e-05, -9.316551212489626e-05]
    - [-1.7753571551826915e-05, 0.0003069307544217473, -0.0003577174294627362]
    - [-0.00010035210623326049, 0.0006811238991483533, -0.00034407095053274293]
    C_gyro_i:
    - [0.9999900115169615, -0.0018464934106764558, -0.0040702983172234385]
    - [0.0018254586320699089, 0.9999849923210306, -0.005165542903780701]
    - [0.004079775372427381, 0.005158061146644748, 0.9999783746852317]
    M:
    - [0.9820675760216175, 0.0, 0.0]
    - [0.002812131682191053, 1.012756177100226, 0.0]
    - [-0.00279575210146404, -0.003935034192783533, 1.0063150495856352]
  model: scale-misalignment
  rostopic: /feature_tracker_imu/imu
  time_offset: 0.0
  update_rate: 205.0
