cam0:
  T_cam_imu:
  - [-0.9299565976390216, 0.016650838569125522, 0.367292085515874, 0.0323398515581892]
  - [-0.021733140132444904, -0.9997166967514755, -0.009705506493845321, -0.0044277342409137915]
  - [0.36702642565302934, -0.01700811016143425, 0.9300550129218691, -0.020270619892178675]
  - [0.0, 0.0, 0.0, 1.0]
  cam_overlaps: []
  camera_model: pinhole
  distortion_coeffs: [-0.010815606304431007, 0.026223545476197024, -0.022330253989059207, 0.007193820478344414]
  distortion_model: equidistant
  intrinsics: [563.2531416390391, 563.1577657323634, 664.1185429843965, 404.4646716978373]
  resolution: [1280, 800]
  rostopic: /feature_tracker_imu/camB
  timeshift_cam_imu: -0.0027926374692824303
