cam0:
  T_cam_imu:
  - [-0.9289113741243455, 0.01869923109043271, -0.3698296875306876, -0.03846054823312112]
  - [-0.022624661586712332, -0.9997243102501023, 0.006279186495347117, -0.004690532092654739]
  - [-0.3696103133172913, 0.014200079280877301, 0.9290783465552891, -0.02796707156497935]
  - [0.0, 0.0, 0.0, 1.0]
  cam_overlaps: []
  camera_model: pinhole
  distortion_coeffs: [-0.007844893505884944, 0.008805535665783643, 0.0005476253539323238, -0.0014426222209424652]
  distortion_model: equidistant
  intrinsics: [562.4835897839102, 562.2758027650797, 641.8907203697211, 432.82602102944185]
  resolution: [1280, 800]
  rostopic: /feature_tracker_imu/camD
  timeshift_cam_imu: -0.003270711063490899
