#Accelerometer
accelerometer_noise_density: 0.0029958558041295654 
accelerometer_random_walk: 3.8154866362970874e-05 

#Gyroscope
gyroscope_noise_density: 0.00023855107214168993 
gyroscope_random_walk: 1.9616295687274616e-06 

rostopic: '/sensors/imu' #Make sure this is correct
update_rate: 400.0 #Make sure this is correct

