%YAML:1.0

cam0:
  T_cam_imu:
    - [-0.9993566719870077, -0.03511961500198963, 0.007270130477766297, -0.04819106854862138]
    - [0.026532435520265407, -0.8603667541439359, -0.5089843595133259, -0.05898401295830193]
    - [0.02413031330950098, -0.508464021348551, 0.8607450650300849, -0.07935589134545398]
    - [0.0, 0.0, 0.0, 1.0]
  cam_overlaps: []
  camera_model: pinhole
  distortion_coeffs: [0.00800254806320279, -0.007876873195888142, 0.01027543704585799, -0.003329866268307873]
  distortion_model: equidistant
  intrinsics: [558.5074858502938, 558.2032152713851, 661.3265475910148, 402.52023037659984]
  resolution: [1280, 800]
  rostopic: /ffc_rover_inertial_node/camA
  timeshift_cam_imu: -0.00148719679713759

cam1:
  T_cam_imu:
    - [-0.997580127081997, -0.06952000847614526, -0.0009265379338667234, -0.051109326976660485]
    - [-0.06902421925389951, 0.9886914019809617, 0.13313515240277168, 0.03129903398946269]
    - [-0.008339496834690346, 0.13287693581053234, -0.9910974587406364, -0.04755596592248391]
    - [0.0, 0.0, 0.0, 1.0]
  cam_overlaps: []
  camera_model: pinhole
  distortion_coeffs: [-0.0009542727041543419, -0.001866550610869882, 0.005196322288794107, -0.001969195858988526]
  distortion_model: equidistant
  intrinsics: [568.6741826722658, 568.2600925528934, 640.9813909699541, 400.62634103655745]
  resolution: [1280, 800]
  rostopic: /ffc_rover_inertial_node/camB
  timeshift_cam_imu: -0.00222067496662342

cam2:
  T_cam_imu:
    - [0.9960638385096089, -0.08506591525567449, 0.0249122394661605, 0.04489355924257766]
    - [-0.08473995017430656, -0.8314299687978645, 0.5491296275281815, -0.0758432035603995]
    - [-0.025999431877657627, -0.5490792265661647, -0.8353658075930225, -0.05647665964893344]
    - [0.0, 0.0, 0.0, 1.0]
  cam_overlaps: []
  camera_model: pinhole
  distortion_coeffs: [-0.015035024296570077, 0.031054591771009166, -0.021760160091531745, 0.00524033462410424]
  distortion_model: equidistant
  intrinsics: [569.9389873375405, 569.6929900892532, 637.3261951705963, 414.0137685853318]
  resolution: [1280, 800]
  rostopic: /ffc_rover_inertial_node/camC
  timeshift_cam_imu: -0.0025801073105143763



