%YAML:1.0

imu0:
  T_i_b:
    - [1.0, 0.0, 0.0, 0.0]
    - [0.0, 1.0, 0.0, 0.0]
    - [0.0, 0.0, 1.0, 0.0]
    - [0.0, 0.0, 0.0, 1.0]
  accelerometer_noise_density: 0.01
  accelerometer_random_walk: 0.006
  gyroscope_noise_density: 0.00025
  gyroscope_random_walk: 5.0e-05
  rostopic: /ffc_rover_inertial_node/imu
  time_offset: 0.0
  update_rate: 400.0
  # three different modes supported:
  # "calibrated" (same as "kalibr"), "kalibr", "rpng"
  model: "kalibr"
  # how to get from Kalibr imu.yaml result file:
  #   - Tw is imu0:gyroscopes:M:
  #   - R_IMUtoGYRO: is imu0:gyroscopes:C_gyro_i:
  #   - Ta is imu0:accelerometers:M:
  #   - R_IMUtoACC not used by Kalibr
  #   - Tg is imu0:gyroscopes:A:
  Tw:
    - [0.9920099791765744, 0.0, 0.0]
    - [0.0025592555718812865, 0.9911318455767223, 0.0]
    - [-0.004433675538737482, -0.00645367688231509, 0.9958506070486295]
  R_IMUtoGYRO:
    - [0.9997763802490355, 0.021136769854218394, -0.0006530361900919977]
    - [-0.021140096662572872, 0.9997608652992132, -0.005595402511462574]
    - [0.000534611291351577, 0.005607956517129119, 0.9999841323813438]
  Ta:
    - [0.9895616892361752, 0.0, 0.0]
    - [-0.026994571348229295, 0.9990152113831154, 0.0]
    - [0.0033318547517864794, -0.02455642175119292, 0.9970253437497589]
  R_IMUtoACC:
    - [ 1.0, 0.0, 0.0 ]
    - [ 0.0, 1.0, 0.0 ]
    - [ 0.0, 0.0, 1.0 ]
  Tg:
    - [0.0002059409282105949, 0.001477301672818308, 0.0007944668921523054]
    - [4.92252398038142e-05, 0.0002039282520093796, -0.00019569690408012698]
    - [-0.00013121884210428724, 0.000614498382889101, 0.00045375963810096674]

