%YAML:1.0

cam0:
  T_cam_imu:
    - [-0.9299565976390216, 0.016650838569125522, 0.367292085515874, 0.0323398515581892]
    - [-0.021733140132444904, -0.9997166967514755, -0.009705506493845321, -0.0044277342409137915]
    - [0.36702642565302934, -0.01700811016143425, 0.9300550129218691, -0.020270619892178675]
    - [0.0, 0.0, 0.0, 1.0]
  cam_overlaps: []
  camera_model: pinhole
  distortion_coeffs: [-0.010815606304431007, 0.026223545476197024, -0.022330253989059207, 0.007193820478344414]
  distortion_model: equidistant
  intrinsics: [563.2531416390391, 563.1577657323634, 664.1185429843965, 404.4646716978373]
  resolution: [1280, 800]
  rostopic: /feature_tracker_imu/camB
  timeshift_cam_imu: -0.0027926374692824303

cam1:
  T_cam_imu:
    - [-0.9289113741243455, 0.01869923109043271, -0.3698296875306876, -0.03846054823312112]
    - [-0.022624661586712332, -0.9997243102501023, 0.006279186495347117, -0.004690532092654739]
    - [-0.3696103133172913, 0.014200079280877301, 0.9290783465552891, -0.02796707156497935]
    - [0.0, 0.0, 0.0, 1.0]
  cam_overlaps: []
  camera_model: pinhole
  distortion_coeffs: [-0.007844893505884944, 0.008805535665783643, 0.0005476253539323238, -0.0014426222209424652]
  distortion_model: equidistant
  intrinsics: [562.4835897839102, 562.2758027650797, 641.8907203697211, 432.82602102944185]
  resolution: [1280, 800]
  rostopic: /feature_tracker_imu/camD
  timeshift_cam_imu: -0.003270711063490899

